3054
3158
3161
3175
3226
3246
3256
3265
3268
3277
3282
3284
3293
3297
3302
3306
3313
3315
3334
3339
3350
3372
3392
3406
3430
3432
3434
3441
3448
3455
3470
3471
3475
3482
3484
3499
3508
3509
3517
3519
3523
3528
3532
3538
3539
3542
3543
3554
3558
3566
3567
3569
3579
3580
3581
3590
3604
3605
3606
3612
3613
3614
3615
3617
3619
3621
3623
3637
3641
3642
3643
3652
3653
3655
3659
3661
3663
3680
3681
3684
3686
3690
3704
3708
3711
3712
3714
3715
3719
3721
3730
3731
3737
3740
3747
3761
3787
3797
3805
3809
3827
3828
3831
3834
3839
3842
3848
3851
3852
3853
3854
3873
3876
3878
3891
3893
3895
3897
3901
3918
3920
3929
3930
3931
3933
3934
3941
3942
3944
3945
3946
3947
3957
3961
3963
3965
3967
3968
3973
3977
3981
3986
3988
3989
3990
3993
3997
3998
4002
4006
4007
4009
4011
4012
4015
4016
4024
4025
4027
4034
4035
4036
4039
4040
4043
4045
4049
4055
4057
4059
4062
4064
4067
4068
4072
4074
4075
4077
4079
4080
4083
4084
4092
4098
4100
4102
4105
4108
4111
4112
4118
4120
4121
4122
4133
4134
4137
4139
4140
4142
4143
4145
4146
4152
4154
4156
4158
4161
4163
4167
4173
4176
4179
4180
4181
4182
4186
4188
4196
4199
4200
4205
4211
4213
4215
4218
4224
4227
4228
4230
4231
4232
4237
4239
4243
4244
4248
4252
4253
4256
4261
4262
4263
4264
4268
4269
4270
4272
4274
4276
4277
4278
4281
4290
4292
4293
4294
4295
4298
4300
4301
4302
4308
4319
4324
4327
4331
4336
4337
4344
4350
4351
4356
4358
4359
4361
4362
4365
4368
4369
4376
4379
4382
4388
4393
4396
4398
4403
4404
4406
4408
4409
4411
4417
4419
4420
4421
4425
4429
4430
4431
4432
4434
4435
4439
4442
4443
4446
4449
4457
4460
4461
4465
4466
4470
4471
4475
4479
4483
4484
4486
4496
4500
4501
4503
4504
4506
4509
4512
4514
4515
4516
4518
4519
4522
4525
4526
4527
4535
4539
4540
4543
4544
4549
4550
4552
4555
4558
4563
4564
4567
4568
4570
4574
4575
4586
4588
4592
4600
4601
4604
4614
4618
4619
4626
4630
4632
4633
4635
4637
4641
4643
4645
4648
4649
4650
4652
4654
4656
4659
4661
4665
4669
4672
4674
4675
4677
4679
4681
4682
4683
4684
4686
4689
4691
4694
4703
4706
4709
4713
4714
4718
4725
4728
4731
4733
4734
4735
4740
4743
4747
4752
4753
4754
4761
4771
4776
4778
4779
4785
4786
4787
4788
4790
4793
4796
4803
4808
4813
4817
4819
4824
4828
4832
4835
4837
4840
4844
4847
4851
4856
4857
4866
4871
4872
4873
4874
4875
4878
4879
4886
4887
4890
4892
4896
4900
4903
4906
4909
4910
4911
4914
4918
4919
4925
4928
4938
4941
4942
4943
4948
4949
4950
4951
4957
4960
4962
4965
4973
4974
4978
4980
4981
4982
4983
4985
4987
4988
4989
4991
4992
4995
5000
5002
5003
5005
5006
5012
5013
5015
5016
5017
5018
5020
5023
5026
5027
5031
5032
5033
5037
5039
5043
5045
5050
5057
5061
5064
5066
5067
5068
5070
5071
5072
5075
5078
5081
5082
5083
5084
5085
5089
5092
5093
5106
5107
5123
5125
5126
5127
5128
5130
5131
5137
5139
5140
5141
5142
5146
5150
5151
5152
5153
5160
5161
5166
5169
5171
5179
5182
5183
5186
5188
5195
5196
5197
5198
5200
5208
5211
5212
5213
5214
5216
5222
5223
5224
5226
5229
5230
5231
5232
5234
5236
5237
5238
5240
5243
5244
5245
5247
5249
5251
5255
5256
5257
5258
5261
5262
5264
5266
5270
5273
5274
5275
5276
5278
5279
5280
5281
5283
5292
5296
5297
5306
5307
5311
5312
5315
5319
5320
5321
5324
5327
5329
5331
5333
5334
5337
5339
5341
5343
5344
5345
5346
5348
5350
5351
5353
5356
5357
5359
5360
5361
5363
5364
5365
5367
5372
5375
5377
5379
5380
5383
5386
5387
5388
5389
5390
5391
5395
5396
5397
5399
5400
5401
5402
5404
5405
5406
5407
5409
5411
5412
